----- kmeans ------
Boxes:
[[164.16    267.52   ]
 [453.568   334.4    ]
 [134.976   115.52   ]
 [311.296   233.472  ]
 [389.12     81.472  ]
 [210.368   162.944  ]
 [282.72     48.64   ]
 [ 86.336    80.256  ]
 [150.784    72.96   ]
 [103.36     97.28   ]
 [216.71875 314.944  ]
 [ 74.176    51.072  ]]
Accuracy: 78.76%
Before Sort Ratios:
 [0.61, 1.36, 1.17, 1.33, 4.78, 1.29, 5.81, 1.08, 2.07, 1.06, 0.69, 1.45]
After Sort Ratios:
 [0.61, 0.69, 1.06, 1.08, 1.17, 1.29, 1.33, 1.36, 1.45, 2.07, 4.78, 5.81]
 
 
 ANCHOR:  [50, 34, 59, 54, 70, 66, 103, 49, 193, 33, 92, 79, 266, 55, 143, 111, 112, 183, 148, 215, 212, 159, 310, 228]
 
 
----- kmeans++ ------
Boxes:
[[432.896   327.104  ]
 [188.8125  293.056  ]
 [276.032    46.208  ]
 [ 74.176    49.856  ]
 [150.784    72.96   ]
 [103.36     94.848  ]
 [128.896   114.304  ]
 [ 78.96875  96.064  ]
 [376.96     79.04   ]
 [187.264   162.944  ]
 [286.976   218.88   ]
 [ 88.768    77.824  ]]
Accuracy: 78.37%
Before Sort Ratios:
 [1.32, 0.64, 5.97, 1.49, 2.07, 1.09, 1.13, 0.82, 4.77, 1.15, 1.31, 1.14]
After Sort Ratios:
 [0.64, 0.82, 1.09, 1.13, 1.14, 1.15, 1.31, 1.32, 1.49, 2.07, 4.77, 5.97]
 
 
 ANCHOR:  [50, 34, 60, 53, 54, 65, 70, 64, 103, 49, 188, 31, 88, 78, 257, 54, 128, 111, 129, 200, 196, 149, 296, 223]

 
