----- kmeans ------
Boxes:
[[203.072 274.816]
 [ 82.688  63.232]
 [408.576 296.704]
 [178.752 143.488]
 [322.24   63.232]
 [103.36   93.632]]
Accuracy: 72.12%
Before Sort Ratios:
 [0.74, 1.31, 1.38, 1.25, 5.1, 1.1]
After Sort Ratios:
 [0.74, 1.1, 1.25, 1.31, 1.38, 5.1]
 
 
 ANCHOR:  [56, 43, 70, 64, 220, 43, 122, 98, 138, 188, 279, 203]
 
 
----- kmeans++ ------
Boxes:
[[108.224  97.28 ]
 [186.048 152.   ]
 [ 85.12   71.744]
 [321.024  63.232]
 [199.424 278.464]
 [405.536 295.488]]
Accuracy: 72.32%
Before Sort Ratios:
 [1.11, 1.22, 1.19, 5.08, 0.72, 1.37]
After Sort Ratios:
 [0.72, 1.11, 1.19, 1.22, 1.37, 5.08]
 
 
 ANCHOR:  [58, 49, 74, 66, 219, 43, 127, 103, 136, 190, 277, 202]
 
