----- kmeans ------
Boxes:
[[177.53125 139.84   ]
 [166.592   266.304  ]
 [376.96     79.04   ]
 [279.68    209.152  ]
 [218.88    316.16   ]
 [432.896   321.632  ]
 [259.008    47.424  ]
 [110.656    96.064  ]
 [ 83.904    76.608  ]]
Accuracy: 76.18%
Before Sort Ratios:
 [1.27, 0.63, 4.77, 1.34, 0.69, 1.35, 5.46, 1.15, 1.1]
After Sort Ratios:
 [0.63, 0.69, 1.1, 1.15, 1.27, 1.34, 1.35, 4.77, 5.46]
 
 
 ANCHOR:  [57, 52, 75, 65, 177, 32, 121, 95, 257, 54, 113, 182, 191, 143, 149, 216, 296, 220]
 
 
----- kmeans++ ------
Boxes:
[[401.28  301.568]
 [195.776 283.328]
 [200.64  166.592]
 [246.848  42.56 ]
 [412.224  96.064]
 [120.384 100.928]
 [ 75.392  52.288]
 [323.456  63.232]
 [ 89.984  85.12 ]]
Accuracy: 75.93%
Before Sort Ratios:
 [1.33, 0.69, 1.2, 5.8, 4.29, 1.19, 1.44, 5.12, 1.06]
After Sort Ratios:
 [0.69, 1.06, 1.19, 1.2, 1.33, 1.44, 4.29, 5.12, 5.8]
 
 
 ANCHOR:  [51, 35, 61, 58, 168, 29, 82, 69, 221, 43, 137, 113, 282, 65, 133, 193, 274, 206]

